[2] Scale-sensitive fractal analysis: b10s4_bottom_e
2019/06/06	11:25:34

Scale of analysis	Relative area	Fractal complexity	R2				
1.45597	1.45996	-12.3356	0.494817	
1.55767	1.46328	-13.233	0.561748	
1.66648	1.46738	-14.3725	0.623212	
1.78288	1.47168	-15.6561	0.674487	
1.90742	1.47632	-15.9917	0.71166	
2.04065	1.48115	-16.5444	0.746802	
2.1832	1.4782	-17.2353	0.777182	
2.33569	1.48166	-18.0001	0.802333	
2.49884	1.48282	-18.805	0.82284	
2.67339	1.48558	-19.6299	0.839537	
2.86013	1.48878	-19.4043	0.84995	
3.05991	1.4929	-19.3876	0.862688	
3.27365	1.47141	-19.5389	0.875576	
3.50232	1.47491	-19.7968	0.88724	
3.74696	1.47854	-19.7914	0.896378	
4.00868	1.48272	-19.8896	0.905293	
4.28869	1.4872	-20.067	0.913411	
4.58826	1.49178	-20.3026	0.920493	
4.90876	1.49613	-20.4704	0.920028	
5.25164	1.50091	-20.7415	0.919577	
5.61847	1.50581	-20.7449	0.91961	
6.01092	1.50202	-20.9531	0.921774	
6.43079	1.50642	-21.1356	0.924957	
6.87999	1.51081	-21.5425	0.932879	
7.36056	1.51508	-21.7747	0.935995	
7.8747	1.51936	-22.125	0.941107	
8.42476	1.5237	-22.4572	0.945729	
9.01324	1.51342	-22.5589	0.947841	
9.64282	1.51786	-22.644	0.949893	
10.3164	1.52248	-22.8676	0.955754	
11.037	1.52677	-21.9527	0.954798	
11.8079	1.52486	-21.0583	0.955032	
12.6327	1.52888	-20.1867	0.956271	
13.5151	1.53289	-19.0934	0.950117	
14.4592	1.53686	-18.0923	0.944121	
15.4692	1.54091	-17.1942	0.937755	
16.5497	1.54436	-16.3632	0.929671	
17.7057	1.53883	-15.6536	0.920222	
18.9425	1.54283	-14.9415	0.902925	
20.2656	1.54142	-13.9287	0.890756	
21.6812	1.54491	-12.9901	0.874971	
23.1956	1.54818	-12.0679	0.849688	
24.8159	1.55115	-11.0638	0.802223	
26.5493	1.55365	-10.1821	0.750524	
28.4038	1.54978	-9.34477	0.685839	
30.3878	1.54975	-7.87817	0.614216	
32.5104	1.55192	-6.40481	0.508099	
34.7813	1.55423	-5.01071	0.377945	
37.2108	1.55578	-3.67301	0.234398	
39.81	1.55712	-2.08554	0.091193	
42.5908	1.55232	-0.521566	0.00616213	
45.5658	1.55358	0.965333	0.0202618	
48.7486	1.55478	2.26468	0.101297	
52.1537	1.55525	3.48434	0.203489	
55.7967	1.55622	4.6982	0.299004	
59.6941	1.55411	6.44082	0.434332	
63.8638	1.55452	8.08377	0.532816	
68.3248	1.55448	9.94824	0.629444	
73.0973	1.55292	11.5865	0.70136	
78.2032	1.54899	13.1793	0.749974	
83.6658	1.54907	14.8157	0.779379	
89.5099	1.54713	16.4098	0.799259	
95.7623	1.5458	17.978	0.834765	
102.451	1.54279	19.6212	0.866361	
109.608	1.54105	21.3843	0.885892	
117.264	1.53878	23.0428	0.900047	
125.455	1.53609	24.3544	0.914625	
134.218	1.53298	25.7105	0.924034	
143.593	1.53065	27.2183	0.939276	
153.623	1.53039	28.8968	0.947804	
164.354	1.52748	30.4965	0.954099	
175.834	1.52322	31.8527	0.961065	
188.117	1.51636	33.1284	0.965724	
201.257	1.51302	34.4712	0.970529	
215.315	1.50801	36.1315	0.969532	
230.354	1.50729	37.3311	0.972319	
246.445	1.50271	38.7101	0.97337	
263.659	1.49611	40.2139	0.975552	
282.076	1.49128	41.7273	0.976015	
301.779	1.49218	43.0447	0.978082	
322.859	1.4873	44.2058	0.980267	
345.411	1.479	45.9871	0.978307	
369.538	1.47468	47.8243	0.97616	
395.351	1.47582	49.2901	0.977316	
422.966	1.46898	50.4681	0.979693	
452.511	1.4656	52.0807	0.980032	
484.119	1.45586	53.3507	0.981812	
517.935	1.45074	55.0362	0.979767	
554.114	1.44938	56.1655	0.980644	
592.819	1.44408	57.6491	0.980308	
634.228	1.43843	59.3505	0.980714	
678.529	1.42507	60.8097	0.982169	
725.925	1.42714	62.1022	0.984519	
776.632	1.41787	63.7104	0.98452	
830.88	1.41159	65.0978	0.985627	
888.918	1.40364	66.2941	0.987862	
951.01	1.40126	67.9178	0.989285	
1017.44	1.39748	69.0292	0.990213	
1088.51	1.3799	70.8351	0.988922	
1164.54	1.37143	72.5815	0.989591	
1245.88	1.37137	73.8757	0.991254	
1332.91	1.37022	75.607	0.98979	
1426.02	1.35559	76.6601	0.990701	
1525.62	1.35456	77.8261	0.990928	
1632.19	1.33719	79.67	0.990523	
1746.2	1.33981	81.8349	0.989112	
1868.17	1.32679	83.453	0.988646	
1998.67	1.31828	84.7613	0.988849	
2138.28	1.31503	85.9358	0.989176	
2287.64	1.31192	86.8514	0.990781	
2447.43	1.29605	88.1017	0.990683	
2618.39	1.29278	88.88	0.99146	
2801.28	1.29087	90.0445	0.991871	
2996.95	1.27633	90.6775	0.992662	
3206.29	1.27312	90.7956	0.992804	
3430.26	1.25325	91.3146	0.99283	
3669.86	1.24913	92.4263	0.993631	
3926.21	1.24859	93.5304	0.994708	
4200.46	1.22778	93.0932	0.993852	
4493.86	1.23235	93.4163	0.993834	
4807.76	1.22071	94.2448	0.994042	
5143.59	1.20457	94.3339	0.994065	
5502.87	1.19024	94.9708	0.994622	
5887.25	1.1868	94.7414	0.994508	
6298.48	1.18267	94.6867	0.994458	
6738.44	1.17594	93.5006	0.991639	
7209.12	1.17794	91.9424	0.988439	
7712.68	1.15753	91.2219	0.988428	
8251.42	1.159	91.2329	0.988429	
8827.79	1.14445	90.198	0.987677	
9444.42	1.1458	89.1109	0.988102	
10104.1	1.14255	88.322	0.988091	
10809.9	1.12573	86.734	0.987853	
11565	1.11707	85.4902	0.98599	
12372.8	1.11061	84.2329	0.985069	
13237.1	1.1212	82.2443	0.98452	
14161.7	1.09709	80.8973	0.982452	
15150.9	1.08739	78.5633	0.981273	
16209.2	1.08557	76.1704	0.9787	
17341.4	1.07787	74.2353	0.974916	
18552.7	1.0752	72.4587	0.968952	
19848.7	1.06976	70.2892	0.961784	
21235.1	1.08072	67.9996	0.95548	
22718.4	1.07661	65.5469	0.948192	
24305.3	1.0541	62.1486	0.940357	
26003	1.04324	59.5982	0.929231	
27819.4	1.04819	56.4327	0.919273	
29762.6	1.03774	53.8117	0.907487	
31841.5	1.03247	50.7053	0.899117	
34065.7	1.03406	47.3384	0.894081	
36445.2	1.03358	44.5326	0.882008	
38990.9	1.0257	41.7505	0.865388	
41714.5	1.02491	38.9198	0.84519	
44628.3	1.02193	35.2556	0.849043	
47745.6	1.02118	32.8666	0.83654	
51080.7	1.021	30.913	0.822542	
54648.7	1.01804	28.8602	0.8117	
58466	1.01858	27.0676	0.798649	
62549.8	1.01804	25.1751	0.78612	
66919	1.01435	23.37	0.77137	
71593.4	1.01366	20.4992	0.795207	
76594.2	1.01658	17.5456	0.866452	
81944.4	1.01437	15.9519	0.880304	
87668.3	1.01397	14.9595	0.873691	
93792	1.01173	13.3395	0.898409	
100343	1.0101	12.3245	0.89403	
107353	1.00939	11.694	0.887707	
114851	1.00985	10.8242	0.893896	
122874	1.01131	9.78623	0.912349	
131456	1.0123	9.20402	0.900727	
140639	1.00858	8.68072	0.897179	
150463	1.00729	8.23451	0.883355	
160973	1.00547	7.77707	0.869553	
172217	1.00404	7.27199	0.858839	
184246	1.0033	6.96784	0.84744	
197116	1.00312	6.58552	0.840499	
210885	1.00317	6.16062	0.834019	
225615	1.00371	5.97523	0.823949	
241374	1.00457	5.77334	0.810916	
258235	1.00359	5.27012	0.804519	
276273	1.00313	4.90921	0.795919	
295570	1.00472	4.51675	0.790459	
316216	1.00426	4.23867	0.776293	
338304	1.00226	4.13892	0.756008	
361935	1.00228	4.05613	0.733843	
387217	1.00332	3.8911	0.708285	
414264	1.00321	3.52908	0.696859	
443201	1.00189	2.96498	0.772835	
474159	1.00255	2.65655	0.789831	
507279	1.00235	2.40745	0.798118	
542713	1.00211	2.30638	0.775892	
580622	1.00124	2.35385	0.765235	
621179	1.00081	2.49934	0.783928	
664569	1.00094	2.68612	0.814433	
710990	1.00039	2.88523	0.844074	
760653	1.00053	3.00234	0.845454	
813785	1.00099	2.93314	0.822379	
870629	1.00037	3.02315	0.813724	
931443	1.00042	3.20845	0.823885	
996505	1.00034	2.94181	0.803621	
